261.6	0.5
329.6	0.5
392.0	0.5
493.9	0.5
440.0	0.5
349.2	0.5
293.7	0.5
000.0	0.5
493.9	0.5
440.0	0.5

000.0	3.0

329.6	0.5
392.0	0.5
587.3	0.5
493.9	0.5
392.0	0.5
349.2	0.5
293.7	0.5
000.0	0.5
329.6	0.5
392.0	0.5

000.0	3.0

587.3	0.5
493.9	0.5
392.0	0.5
329.6	0.5
293.7	0.5
000.0	0.5
392.0	0.5
261.6	0.5
349.2	0.5
392.0	0.5
440.0	0.5
392.0	0.5
349.2	0.5

000.0	1.5

440.0	0.5
493.9	0.5
440.0	0.5
392.0	0.5
329.6	0.5
293.7	0.5
349.2	0.5
000.0	0.5
523.3	0.5
440.0	0.5

000.0	3.0

261.6	0.5
329.6	0.5
392.0	0.5
493.9	0.5
440.0	0.5
349.2	0.5
392.0	0.5
000.0	0.5
392.0	0.5
440.0	0.5

000.0	3.0

587.3	0.5
493.9	0.5
329.6	0.5
392.0	0.5
293.7	0.5
349.2	0.5
392.0	0.5
000.0	0.5
392.0	0.5
329.6	0.5

000.0	3.0

587.3	0.5
493.9	0.5
392.0	0.5
329.6	0.5
349.2	0.5
392.0	0.5
440.0	0.5
349.2	0.5
329.6	0.5
293.7	0.5
329.6	0.5
349.2	0.5

000.0	1.5

440.0	0.5
493.9	0.5
440.0	0.5
392.0	0.5
329.6	0.5
293.7	0.5
349.2	0.5
440.0	0.5
261.6	0.5

000.0	3.0